10,109
10,21
10,197
10,215
10,217
10,177
10,9
11,7
11,11
11,19
11,5
11,17
8,15
21,3
21,2
21,1
21,0
20,2
12,3
20,1
12,2
20,3
12,1
11,29
11,25
11,24
11,23
11,22
11,20
11,18
11,16
11,14
11,12
11,10
11,9
11,6
11,4
11,3
11,2
11,1
10,304
19,2
10,298
19,1
10,293
19,3
10,280
10,274
10,261
10,256
10,252
10,230
10,178
10,174
10,162
10,153
10,152
10,151
10,142
10,123
10,116
10,103
10,96
10,87
10,24
10,22
10,5
10,3
10,2
10,1
9,7
9,6
9,5
9,4
9,3
9,2
9,1
8,18
8,17
8,16
8,14
8,13
8,12
8,11
8,10
8,9
8,8
8,7
8,6
8,5
18,1
8,4
8,3
18,3
8,2
8,1
7,13
7,12
7,11
7,10
7,9
7,8
14,1
7,7
7,6
14,5
7,5
14,3
7,4
13,1
7,1
13,3
6,7
6,6
6,5
6,4
6,1
4,88
